['B00AV2M4WY', -0.4872083, array([0.02347985, 0.03703191, 0.04871258, 0.03163864, 0.14066368,
       0.14691599, 0.11824846, 0.07626369, 0.05410263, 0.03156098,
       0.1277916 , 0.03404783, 0.03711528, 0.06007332, 0.03235364],
      dtype=float32), array([0.        , 0.06279057, 0.        , 0.1095464 , 0.        ,
       0.        , 0.4018359 , 0.        , 0.        , 0.        ,
       0.        , 0.        , 0.        , 0.        , 0.        ,
       0.        , 0.        , 0.        , 0.        , 0.        ,
       0.        , 0.        , 0.03425841, 0.        , 0.11085618,
       0.        , 0.        , 0.        , 0.        , 0.        ,
       0.        , 0.05902382, 0.        , 0.        , 0.        ,
       0.        , 0.        , 0.06778609, 0.        , 0.        ,
       0.04484105, 0.        , 0.        , 0.10906155, 0.        ,
       0.        , 0.        , 0.        , 0.        , 0.        ,
       0.        ], dtype=float32), 'B008AWXBNS', -1.4436483, array([0.02269905, 0.03578764, 0.04804453, 0.03039711, 0.1437138 ,
       0.14969096, 0.12002327, 0.07739455, 0.05267973, 0.03014783,
       0.13023663, 0.03303446, 0.0356639 , 0.05961164, 0.03087488],
      dtype=float32), array([0.        , 0.06279057, 0.        , 0.1095464 , 0.        ,
       0.        , 0.4018359 , 0.        , 0.        , 0.        ,
       0.        , 0.        , 0.        , 0.        , 0.        ,
       0.        , 0.        , 0.        , 0.        , 0.        ,
       0.        , 0.        , 0.03425841, 0.        , 0.11085618,
       0.        , 0.        , 0.        , 0.        , 0.        ,
       0.        , 0.05902382, 0.        , 0.        , 0.        ,
       0.        , 0.        , 0.06778609, 0.        , 0.        ,
       0.04484105, 0.        , 0.        , 0.10906155, 0.        ,
       0.        , 0.        , 0.        , 0.        , 0.        ,
       0.        ], dtype=float32), ['B0002L5R78', 'B004GKLW70', 'B000SJPU4O', 'B004HIN9VI', 'B007P0MSA8', 'B009V8MPFK', 'B009Z3SVRM', 'B00AEI2HBI', 'B003Z3P34W', 'B0097BEDOC', 'B00AHOSOOS', 'B001UEBN42', 'B00BOZCUG2', 'B005XSYHEY', 'B0097BEF1S'], ['HDMI Cables', 'Camcorders', 'Headphones', 'SD & SDHC Cards', 'Cases', 'Cases', 'Cases', 'Cases', 'Camera Batteries', 'MP3 Players', 'Cases', 'Speaker Systems', 'Point & Shoot Digital Cameras', 'Speaker Systems', 'MP3 Players']]
